1
1000 10000
20 1 100 1 30 1 10 1 100 20 100 100 30 20 100 20 1 30 100 30 100 30 30 20 30 20 30 1 1 20 20 1 10 30 100 1 100 1 10 20 1 100 10 1 20 10 30 1 1 1 30 10 20 10 10 30 100 100 20 20 100 30 20 30 20 10 30 30 100 20 30 30 10 20 20 100 20 100 1 30 100 1 10 30 1 10 10 20 20 1 10 1 30 100 100 10 30 20 30 30 100 1 1 10 100 1 20 30 30 20 100 1 10 30 30 1 20 10 20 100 30 10 1 20 10 20 30 1 100 30 100 30 100 20 10 1 20 10 30 10 30 1 10 1 100 1 1 100 100 30 10 100 10 10 10 30 30 20 100 1 100 100 20 1 100 10 1 20 100 20 10 10 100 10 1 10 1 30 30 100 20 20 1 1 100 100 30 30 10 100 20 20 1 20 10 100 100 30 20 10 20 30 10 10 100 20 1 30 30 30 10 20 30 20 30 100 1 1 10 1 1 100 100 100 30 30 100 1 10 100 10 1 1 1 10 10 10 10 20 1 10 30 20 20 20 30 1 30 1 100 1 1 20 10 1 100 30 30 10 100 20 10 30 100 1 30 20 20 1 1 1 20 100 10 20 10 100 30 30 20 20 20 10 30 20 100 10 30 30 10 1 20 20 10 20 10 20 20 1 30 10 30 20 1 20 20 1 30 100 30 20 30 1 30 1 1 1 30 20 100 10 20 20 10 100 20 1 1 20 20 30 10 20 100 20 20 10 1 100 1 10 100 20 20 20 30 100 1 1 1 100 30 1 1 20 100 10 30 100 20 10 100 10 10 1 100 10 1 100 1 1 30 1 1 20 100 10 1 100 10 20 10 10 1 1 10 20 30 10 10 1 20 1 10 1 10 20 30 100 10 10 1 30 10 20 100 100 10 100 1 10 1 30 1 20 100 100 100 30 1 30 1 10 1 1 30 30 30 10 30 20 20 1 1 30 30 100 30 10 20 100 20 100 20 30 30 1 100 1 30 1 100 20 100 30 30 20 10 30 100 1 100 100 100 10 20 20 1 100 1 20 30 10 10 10 1 1 1 100 100 20 20 100 20 1 10 20 10 20 10 10 1 100 20 100 1 20 1 1 30 20 10 20 100 1 20 30 20 1 20 1 20 1 30 10 30 100 1 20 100 10 20 10 100 1 1 10 100 30 20 10 1 10 20 20 1 1 30 20 1 100 20 30 30 100 30 1 10 20 10 100 20 10 1 100 30 20 100 20 10 20 30 100 1 30 1 1 30 100 10 1 10 10 100 30 1 1 30 30 30 1 10 1 100 10 10 30 100 1 1 30 10 100 20 100 100 30 100 20 1 20 10 10 10 30 1 1 1 30 30 100 30 20 100 20 30 20 100 20 20 100 100 10 30 100 20 30 20 100 1 1 10 1 100 100 20 10 30 30 20 20 30 1 30 10 10 20 20 30 20 10 30 30 1 100 100 1 1 1 10 30 100 10 10 10 30 10 30 1 1 100 30 30 30 10 100 1 30 1 20 100 100 30 1 10 20 1 1 1 100 20 30 1 10 1 30 100 100 1 20 10 1 10 10 100 20 1 100 100 10 100 10 30 1 30 20 100 1 1 30 1 1 100 30 30 10 100 100 1 1 100 10 1 1 10 20 30 20 20 20 20 20 30 20 100 20 1 20 100 20 20 30 10 10 30 30 20 1 10 100 20 100 10 20 1 10 100 30 100 30 1 100 10 30 100 1 30 20 10 30 100 100 1 20 30 30 20 30 10 20 30 30 1 100 10 30 100 1 100 10 10 1 10 30 1 1 100 10 30 20 10 30 20 100 100 20 1 1 100 100 30 30 30 20 1 1 1 1 1 10 100 20 100 100 30 1 30 30 30 10 100 10 10 100 20 1 100 30 100 20 30 20 100 20 30 30 10 100 1 10 1 100 10 1 30 100 20 10 1 10 10 30 20 20 10 20 20 1 10 20 100 30 30 10 10 1 100 1 100 100 1 1 30 1 20 20 1 100 100 20 30 20 20 20 10 30 100 100 100 1 30 20 10 1 1 100 30 20 100 10 1 20 20 20 100 20 1 30 10 20 20 1 20 10 1 10 30 10 10 10 20 30 100 1 30 20 1 1 20 1 10 20 1 30 30 30 30 30 10 1 100 30 1 30 10 1 30 10 20 30 20 20 1 20 100 20 30 30 30 20 1 10 10 1 100 30 30 100 10 20 100 30 1 100 100 20 10 30 30 100 
509 842
318 725
636 649
501 839
497 559
118 155
508 957
719 881
197 238
278 550
843 944
669 906
575 672
332 649
94 441
155 849
849 877
430 635
403 562
69 893
292 737
695 851
317 939
124 347
612 788
192 650
114 616
417 922
53 268
532 933
20 632
408 450
465 887
370 732
10 138
15 978
331 903
760 788
331 886
122 496
7 888
289 335
235 813
166 473
320 784
339 793
159 227
508 854
338 586
87 198
231 872
486 918
487 733
61 672
236 504
185 921
353 399
231 677
332 868
469 471
709 738
482 729
52 156
664 923
749 817
578 918
176 354
49 431
365 911
40 271
908 968
571 958
330 985
705 808
252 921
639 749
10 685
556 557
703 761
229 324
246 552
875 996
304 441
18 741
736 867
367 899
556 715
466 908
630 735
263 491
673 914
682 808
88 358
534 538
683 952
574 651
113 214
126 598
876 930
407 796
183 935
403 722
518 895
231 985
368 937
323 981
191 952
195 828
524 980
353 518
1 947
32 665
512 711
397 624
700 760
686 866
453 736
685 847
268 702
760 915
154 859
243 276
680 914
451 460
243 868
403 797
319 565
2 849
360 547
170 808
493 687
127 992
432 844
620 856
267 600
401 410
967 982
268 789
827 828
618 896
772 873
536 873
376 968
499 659
240 270
466 675
492 599
266 404
158 604
562 892
865 895
129 789
597 752
516 879
300 479
346 493
392 931
106 753
20 962
57 394
269 939
612 626
23 78
634 782
705 854
755 894
200 755
75 175
383 440
326 449
294 999
238 805
854 888
447 991
300 754
61 931
440 452
51 351
79 396
6 94
120 470
153 328
566 730
12 914
562 808
909 941
347 732
35 330
9 906
221 516
161 258
58 725
45 401
411 978
688 749
455 998
1 932
406 979
566 996
76 952
155 927
658 921
138 646
26 940
3 188
409 430
257 322
928 977
214 304
486 571
265 272
819 932
221 406
66 140
163 528
349 758
408 828
175 498
192 706
738 905
959 997
188 936
416 797
400 550
54 311
813 816
927 993
23 373
458 922
71 550
245 692
101 621
250 451
331 800
13 599
648 889
419 886
349 796
155 511
244 897
526 899
405 506
249 432
336 524
91 535
769 985
134 818
102 507
234 583
725 824
726 929
181 288
390 413
374 387
36 737
56 972
324 977
119 693
111 565
562 616
264 344
296 394
230 417
238 666
139 588
137 482
795 974
189 648
494 952
423 543
351 426
90 507
239 808
395 488
194 474
566 653
556 900
303 367
635 972
462 560
88 572
204 952
328 871
220 860
79 365
748 776
275 384
59 484
276 338
261 972
276 948
708 733
87 263
245 986
541 912
409 683
576 750
822 856
40 581
132 724
36 102
210 621
72 515
220 841
863 888
507 784
193 599
358 497
92 948
231 347
805 986
837 957
6 584
118 409
599 624
713 917
2 125
456 602
99 821
626 977
14 469
941 948
606 635
541 562
279 967
542 656
199 763
378 682
450 593
73 501
888 943
45 261
246 388
497 521
91 939
37 789
4 399
219 611
624 804
128 226
456 907
213 478
555 635
122 280
575 636
670 803
663 805
7 971
408 636
512 692
263 275
59 74
193 719
314 438
90 244
246 666
621 695
313 515
159 987
120 815
120 314
559 911
756 855
21 206
217 895
89 870
9 280
244 798
233 947
815 982
269 363
337 451
389 846
168 800
134 348
113 945
199 693
390 828
81 149
255 528
295 729
284 560
470 897
4 810
16 308
768 821
299 357
353 528
682 984
139 620
472 823
668 701
690 975
777 868
260 913
526 794
801 912
168 493
528 533
371 689
352 751
517 644
37 566
65 247
594 888
467 643
637 711
78 464
271 848
480 923
611 730
167 903
298 420
15 982
414 769
357 580
141 361
297 723
433 519
91 276
70 871
211 654
75 744
409 789
464 862
118 620
31 701
331 973
371 560
407 876
156 882
97 827
473 822
610 920
645 804
2 14
335 813
790 973
871 988
371 744
95 720
613 694
178 527
139 991
146 563
828 983
316 931
358 667
668 711
848 940
1 494
521 600
154 779
173 294
123 827
242 485
591 647
181 696
420 947
47 959
172 798
84 347
432 640
115 636
399 867
207 474
299 552
335 463
799 936
179 714
371 464
209 598
227 228
185 556
370 619
416 831
491 521
356 443
495 531
319 724
203 362
401 869
667 805
338 853
152 670
527 597
821 951
560 652
395 604
478 930
31 140
569 736
3 550
206 299
302 344
385 488
169 416
742 987
45 422
348 615
181 906
53 138
273 980
519 575
197 960
180 450
47 577
308 843
618 740
489 832
709 729
413 609
491 915
101 501
606 884
691 759
265 754
848 900
71 751
690 830
305 465
454 957
457 799
14 217
147 994
360 374
77 584
517 693
667 700
823 861
641 944
779 794
308 721
490 529
429 598
197 623
624 970
206 777
678 904
14 462
176 398
459 631
440 510
80 506
450 789
532 731
304 364
320 447
294 306
16 360
426 834
412 840
184 407
271 616
90 159
505 978
386 538
98 890
568 670
490 794
426 732
615 740
96 108
140 626
32 909
30 539
652 824
264 637
485 490
23 975
717 941
178 432
461 744
23 919
58 611
24 760
593 813
94 316
78 534
225 600
337 648
116 344
247 256
133 466
43 647
297 730
77 318
898 937
218 286
74 891
613 744
189 792
356 716
348 812
587 651
263 935
445 530
596 943
335 981
142 516
37 774
382 419
139 237
216 712
211 962
214 698
226 712
472 722
376 744
397 464
48 318
176 405
471 835
599 898
30 437
158 656
718 875
228 827
556 918
604 820
344 940
456 820
758 823
511 850
126 297
91 478
179 997
241 638
853 911
950 974
155 389
162 512
547 572
158 682
465 982
2 388
619 816
362 830
403 450
9 268
33 684
253 471
87 211
802 823
513 944
229 565
16 966
614 915
434 915
287 640
694 934
819 949
282 452
309 444
240 504
454 696
848 850
547 959
686 837
15 479
6 772
40 576
488 736
65 764
243 552
190 521
302 487
198 809
423 793
221 317
203 242
208 325
5 56
636 938
210 993
165 740
620 664
592 878
94 734
215 721
9 652
576 838
25 888
80 238
349 834
538 885
254 900
458 856
426 759
127 954
683 797
637 873
272 783
318 627
213 582
60 652
623 864
860 926
69 601
140 187
231 849
206 900
296 324
269 670
560 584
251 910
490 778
645 958
229 344
578 915
819 865
531 838
32 861
225 922
177 351
488 644
223 774
180 531
229 520
12 463
173 344
210 801
133 780
529 815
86 755
579 722
230 672
19 568
290 614
780 871
109 157
529 682
203 670
862 885
321 945
81 733
882 924
436 718
308 896
861 924
924 975
496 645
101 564
212 868
610 798
597 963
184 308
656 686
283 644
124 281
265 814
127 534
318 729
136 908
170 567
114 373
206 815
115 733
511 927
183 460
26 979
673 800
336 616
103 974
533 719
89 209
164 969
275 503
235 581
169 395
493 957
453 739
296 595
238 803
22 97
137 247
445 713
659 754
549 674
904 943
685 729
537 866
80 933
218 310
585 677
695 804
96 854
362 540
119 342
779 812
636 889
179 264
429 492
343 920
403 452
1 158
101 628
558 684
63 138
41 776
147 184
106 558
88 344
542 620
21 794
28 664
181 225
655 880
514 569
86 894
535 872
166 577
207 652
147 829
81 187
10 613
44 402
248 708
560 725
711 939
93 186
784 794
4 304
125 239
713 742
89 937
801 823
281 502
484 754
272 758
217 647
55 650
518 682
293 475
524 601
593 654
418 820
133 191
78 851
147 822
362 743
358 592
336 392
69 523
677 723
286 922
242 426
418 602
79 344
70 780
85 953
322 757
815 993
443 740
72 73
314 786
825 998
138 590
111 324
156 708
577 725
91 962
778 855
135 827
96 350
32 980
100 991
421 707
798 879
383 756
453 493
97 441
479 496
50 633
838 994
501 794
579 783
97 606
1 134
511 659
179 669
362 499
207 814
583 605
618 813
613 617
400 706
93 844
240 365
487 665
587 945
52 252
199 273
512 982
70 393
56 285
548 606
1 229
523 867
94 124
593 927
14 75
299 670
678 885
563 778
253 299
393 700
218 500
483 536
98 717
230 652
56 709
188 344
277 393
403 445
489 500
730 822
660 694
324 690
109 750
388 783
438 960
262 951
332 496
527 802
502 633
331 673
376 491
144 215
299 385
273 430
662 816
47 473
602 999
40 744
305 617
692 805
277 415
109 570
388 637
750 936
72 139
675 968
20 551
32 837
666 788
225 746
254 315
37 640
481 674
274 386
715 839
777 819
420 706
283 325
116 404
345 495
130 953
563 992
94 162
633 660
165 181
187 666
136 670
174 346
27 799
1 723
9 920
212 648
558 696
40 888
7 941
723 954
218 414
490 530
350 934
272 919
112 832
410 896
267 546
16 831
57 198
174 549
536 565
40 785
762 867
482 490
83 910
568 622
639 679
76 879
246 490
4 192
423 872
171 419
423 553
799 856
241 244
549 726
37 68
421 549
314 983
232 855
440 494
559 965
81 992
519 773
252 648
390 434
182 874
252 804
500 951
476 517
211 868
578 760
678 748
606 775
297 708
149 716
246 697
185 797
644 777
166 516
571 853
251 944
193 725
654 908
501 899
121 208
605 913
173 342
681 965
634 977
64 985
602 982
606 660
469 676
140 383
23 106
205 737
294 676
228 768
56 727
155 223
76 526
494 994
136 733
361 769
425 572
851 911
320 879
144 421
155 380
721 815
296 445
54 55
38 70
238 325
96 951
165 705
500 935
196 910
169 619
31 354
117 362
546 686
310 813
430 637
214 457
659 976
728 797
118 703
130 335
210 894
47 227
272 559
151 699
584 588
622 725
596 903
324 866
62 866
230 705
172 360
601 673
55 689
194 535
683 958
912 924
164 574
408 605
375 409
246 390
711 935
643 725
150 199
514 853
96 358
13 657
95 419
2 522
385 821
514 942
377 771
571 884
726 734
629 781
230 759
577 629
24 434
493 524
154 828
893 985
241 521
802 807
545 695
417 850
51 853
94 758
170 343
169 789
140 346
11 874
322 565
730 739
588 796
381 615
121 530
398 939
10 202
129 785
542 551
32 249
742 890
332 630
232 668
133 434
315 963
580 869
75 372
425 792
151 221
536 953
233 755
294 756
182 636
673 867
335 592
373 554
221 463
409 983
359 831
238 605
306 778
208 984
558 940
75 475
141 834
91 489
173 470
349 530
188 763
133 575
265 559
18 912
202 861
270 695
353 683
672 861
66 383
164 241
65 719
301 566
390 603
682 818
518 666
768 814
575 804
232 643
402 504
42 835
184 940
566 936
149 410
859 984
112 827
503 918
532 650
582 772
61 256
54 908
674 862
128 435
181 715
599 868
40 542
688 901
103 282
423 762
26 424
5 681
248 337
262 356
96 793
313 411
357 648
325 565
9 948
283 765
185 429
365 895
66 139
382 840
131 301
596 764
502 742
277 961
693 995
571 680
512 790
346 839
60 82
245 486
508 832
365 973
429 585
325 907
683 712
143 362
752 893
276 757
40 322
626 739
90 832
130 746
121 425
169 453
539 806
880 984
470 816
427 932
159 602
284 838
621 752
122 139
483 864
436 908
35 240
833 981
100 427
559 786
447 806
9 883
256 834
597 938
19 891
308 626
436 535
206 476
488 847
658 887
331 529
687 800
535 920
519 650
203 324
223 506
542 801
103 582
561 626
708 945
32 428
79 417
281 797
25 427
138 952
441 696
285 987
320 600
383 640
418 515
504 626
322 929
141 175
316 866
274 829
145 874
3 164
534 651
829 888
714 765
356 422
470 833
72 436
371 756
396 792
680 819
597 792
89 262
2 954
398 804
86 935
853 949
224 863
755 840
49 849
104 917
231 964
932 950
341 915
236 729
24 901
679 717
247 543
480 539
189 287
451 567
304 754
249 291
285 909
54 164
8 479
404 677
240 748
475 828
674 813
79 405
398 875
121 316
300 551
594 969
613 837
371 495
26 330
145 871
135 284
754 946
230 383
73 148
181 196
73 961
368 412
200 233
51 791
342 422
34 284
279 380
380 897
4 978
59 744
37 405
324 961
347 540
603 737
252 779
14 682
221 814
202 516
143 359
322 448
459 539
693 897
348 431
16 458
589 858
512 548
73 473
421 774
15 98
389 701
151 713
28 688
447 717
244 801
21 634
110 793
236 579
685 832
330 976
469 705
74 524
906 918
48 902
610 737
472 724
141 703
132 839
688 938
169 439
179 374
135 456
378 859
437 714
48 451
399 661
258 543
152 710
841 925
296 437
219 598
140 852
374 420
817 930
98 587
29 77
785 979
177 970
373 768
467 547
421 702
39 864
427 908
544 809
459 516
308 632
256 728
355 416
466 749
192 258
215 733
770 950
543 854
734 819
179 970
211 377
122 921
21 875
15 847
368 784
685 760
299 493
70 933
746 826
198 355
620 697
383 473
612 666
104 186
24 109
225 478
857 970
566 603
46 181
199 766
355 358
802 955
617 655
569 957
216 637
115 916
328 581
282 791
754 995
550 923
394 435
101 301
521 620
684 852
405 518
262 792
28 328
374 500
214 869
869 979
550 965
373 662
160 378
321 591
753 779
917 989
124 942
228 833
149 358
304 544
881 1000
941 981
168 442
7 501
86 124
13 882
18 472
457 587
137 765
153 570
840 859
353 975
457 944
223 514
739 831
131 619
287 350
609 692
68 636
245 388
422 747
89 605
433 983
608 674
13 590
743 768
767 947
406 623
735 932
853 912
252 869
128 639
595 926
628 904
564 787
176 626
671 679
436 617
682 851
260 271
74 913
565 885
82 731
211 419
227 319
473 707
315 806
84 618
729 931
138 553
233 655
473 775
592 913
339 732
451 569
701 775
504 538
604 687
579 910
119 590
456 911
706 792
53 697
365 721
661 781
388 491
577 955
540 909
229 305
311 490
327 840
416 542
126 952
594 849
121 511
506 686
142 442
354 426
5 710
304 412
318 861
462 828
80 160
137 543
499 566
148 536
841 955
419 497
131 618
196 815
764 934
350 802
181 732
345 906
145 774
171 598
91 149
306 849
556 860
756 916
542 697
541 761
94 927
103 542
498 910
374 525
16 169
341 750
97 513
721 787
59 874
597 902
526 651
166 267
570 597
257 929
62 925
236 494
229 966
412 834
535 840
96 317
268 428
356 608
185 631
292 639
831 873
159 706
336 569
189 534
311 808
65 74
7 796
133 900
92 518
193 266
664 757
290 420
519 550
326 939
24 215
516 679
193 570
275 697
613 929
242 385
326 807
133 877
56 606
461 645
189 563
14 186
154 579
482 768
47 404
782 806
219 693
572 660
128 466
461 724
167 825
156 844
27 978
56 65
94 893
216 556
297 385
266 280
19 141
65 87
366 988
4 741
465 626
32 98
432 458
190 845
85 522
62 484
552 735
24 233
722 866
307 584
460 847
540 960
423 782
305 349
199 899
21 820
427 521
32 191
218 851
635 757
114 223
109 828
16 905
598 832
202 476
600 927
219 753
856 974
53 885
87 378
6 769
130 561
284 706
480 843
481 611
403 633
718 728
464 608
364 954
192 421
265 728
195 891
281 299
179 805
43 964
614 955
455 857
272 891
668 994
262 468
301 770
40 739
445 992
211 321
9 92
364 523
89 415
180 393
51 557
72 383
169 210
261 309
331 777
137 884
443 772
489 788
137 281
544 964
87 925
284 582
338 918
66 224
93 840
391 581
206 334
326 983
219 220
684 757
702 795
233 306
471 557
491 577
704 968
14 99
27 974
199 946
473 972
569 587
369 411
260 523
738 902
344 783
25 300
237 738
201 437
427 632
134 511
462 483
156 789
466 784
172 951
268 762
85 983
218 660
709 999
483 607
573 917
789 838
883 917
60 227
484 988
488 982
471 930
49 327
75 484
251 327
47 629
379 574
476 919
425 452
65 111
80 474
345 993
141 168
1 576
752 852
195 435
285 558
330 942
637 950
158 514
224 608
620 667
828 905
160 437
99 895
475 489
828 834
324 529
486 664
380 513
162 442
578 939
287 824
96 872
669 885
55 568
519 847
181 966
439 696
416 783
533 743
504 526
509 816
161 690
607 727
336 370
96 860
440 920
72 346
470 679
363 988
212 447
127 154
390 495
187 857
395 809
304 559
537 593
120 191
264 460
158 481
489 536
514 845
353 417
15 511
57 348
62 612
35 541
103 875
109 186
385 801
122 360
363 428
392 556
583 601
253 977
66 684
192 443
278 299
96 118
3 176
235 945
867 952
570 611
278 526
569 581
585 682
681 843
474 749
254 880
158 836
397 753
61 383
773 960
77 365
48 890
333 873
558 648
569 746
164 535
86 975
113 502
870 980
63 367
219 389
54 428
127 231
259 589
318 462
382 875
402 581
294 542
258 879
103 356
77 703
132 803
97 924
191 418
674 719
357 606
157 566
723 947
147 752
270 778
116 513
491 865
242 744
159 289
8 243
136 523
642 668
363 703
501 743
172 836
191 710
732 734
418 629
66 509
664 949
438 487
256 922
619 822
7 556
175 407
554 829
677 784
585 743
79 258
241 292
444 972
2 233
191 760
454 511
213 619
120 366
166 476
62 358
360 834
222 795
128 333
250 303
401 925
254 285
22 808
351 947
51 939
263 810
448 455
79 430
64 89
533 623
131 911
79 953
292 623
130 336
124 240
202 611
359 920
153 970
349 968
377 645
721 840
85 92
252 939
414 797
330 459
328 376
200 699
420 855
27 920
764 908
391 834
277 602
24 814
21 294
523 818
395 573
585 847
133 580
174 308
517 734
556 753
488 677
21 49
232 952
259 949
175 872
840 902
139 651
206 412
98 981
598 663
194 482
386 707
468 587
373 816
45 798
355 396
543 798
576 923
197 725
81 472
338 621
495 996
469 827
50 442
235 833
799 864
594 711
503 882
273 953
378 640
125 741
722 839
695 813
502 859
183 937
177 879
384 463
179 659
38 853
406 980
807 877
65 211
235 951
495 695
401 692
408 885
186 758
227 924
203 518
294 973
655 876
347 652
122 482
41 122
75 764
196 970
163 680
390 624
556 806
426 679
663 808
84 736
658 843
300 921
427 623
766 854
324 354
533 884
625 837
588 829
656 732
264 676
709 837
69 268
804 921
762 878
584 692
62 416
18 84
287 455
532 912
211 637
95 233
323 618
220 634
97 767
380 503
354 478
300 729
714 892
260 812
408 554
967 981
534 575
308 878
339 575
132 217
750 961
28 343
689 729
191 235
105 593
583 989
390 841
636 901
860 998
105 914
77 874
9 585
227 705
453 652
700 790
196 692
69 564
461 729
562 890
464 497
447 753
423 813
512 639
604 641
599 709
153 306
345 878
227 233
136 622
777 785
151 590
258 706
211 523
390 402
362 668
205 552
73 330
28 345
434 620
197 309
85 479
281 847
144 923
120 733
126 146
76 839
527 892
237 619
568 960
262 535
756 833
171 392
111 245
4 499
35 631
71 454
431 619
757 782
956 981
284 619
93 294
128 893
407 479
386 680
363 968
913 945
446 717
361 700
427 792
334 832
301 334
533 811
13 532
321 602
37 682
307 631
707 876
374 936
435 771
320 542
253 821
486 526
262 544
395 840
281 500
447 588
10 852
674 967
27 910
632 985
30 943
45 192
141 281
14 22
269 456
448 936
33 312
519 898
225 535
70 939
619 890
277 439
27 605
130 143
4 432
38 574
633 975
112 526
672 747
451 452
597 880
95 659
324 704
132 382
74 835
200 955
32 57
147 211
342 876
480 870
351 675
411 508
681 902
770 883
249 989
188 419
21 133
382 512
198 385
424 744
46 797
448 550
231 333
614 871
19 574
484 492
364 403
143 365
481 537
86 535
296 429
552 765
107 293
389 833
292 308
45 151
112 553
212 371
322 633
348 657
472 500
79 113
668 717
338 560
318 896
264 814
25 492
547 864
118 209
474 559
92 105
567 987
290 920
118 191
438 765
879 883
110 688
506 516
85 1000
21 682
226 415
24 223
114 297
355 449
217 632
18 415
100 778
121 971
721 971
65 305
332 703
475 879
274 480
110 634
158 912
13 901
315 992
720 850
260 347
11 788
526 720
234 734
90 837
562 764
256 875
173 701
71 776
642 725
777 902
409 440
629 888
371 822
60 482
236 570
274 883
433 964
198 273
61 216
519 985
416 949
659 745
455 679
489 875
566 930
112 118
531 837
475 639
55 229
835 904
139 874
590 708
58 828
5 542
471 568
197 274
238 914
231 934
93 737
472 860
309 611
337 340
69 776
254 630
71 294
250 344
563 899
264 895
802 857
788 829
622 987
402 842
434 859
193 787
177 961
64 642
599 889
43 847
572 878
289 923
112 408
326 767
992 993
174 962
373 799
271 321
903 949
367 765
62 352
580 883
190 220
89 809
120 559
392 911
867 908
654 843
148 555
776 857
236 691
117 994
356 601
333 684
118 942
539 898
434 734
294 777
232 903
31 841
457 706
379 668
492 618
160 885
478 969
106 619
22 590
629 718
23 345
11 623
319 873
342 454
169 793
29 941
345 566
100 969
413 646
148 997
708 899
533 939
29 706
198 792
210 769
485 634
54 78
414 659
117 1000
490 517
359 903
97 938
763 796
122 664
483 502
861 874
238 782
249 556
152 155
232 659
276 349
270 883
687 979
792 803
493 947
733 884
36 655
8 898
608 834
247 401
467 530
563 623
683 772
618 717
234 626
311 893
349 852
651 761
315 783
235 959
185 372
544 670
204 506
487 963
207 410
18 30
725 856
471 562
67 319
67 94
96 820
693 955
569 768
170 684
547 742
94 872
819 920
683 798
179 984
46 365
253 903
289 527
138 241
361 372
105 753
423 931
459 870
109 292
938 980
312 904
441 934
108 305
37 221
482 511
86 653
312 747
441 937
464 533
164 755
382 575
128 797
12 409
377 394
533 990
473 636
323 735
400 438
468 849
80 329
91 537
338 531
137 777
812 857
428 775
31 945
136 387
132 805
327 858
815 926
66 164
696 743
375 930
148 475
19 945
300 684
452 693
166 436
82 282
342 705
476 901
347 573
671 903
68 841
322 350
554 848
45 758
419 458
88 409
12 688
211 806
738 976
465 483
759 913
45 291
155 936
72 908
509 611
539 878
35 745
216 524
312 874
193 885
261 805
525 892
35 758
33 214
736 749
35 221
134 232
171 312
102 750
712 987
146 471
365 966
373 710
472 648
521 926
376 883
425 558
522 647
765 766
454 547
80 492
273 545
529 832
81 446
146 896
28 966
833 883
38 812
328 611
84 350
455 937
342 435
385 660
206 840
245 962
87 636
155 861
260 881
23 960
293 775
31 100
178 430
92 287
787 865
189 256
27 493
581 876
618 891
864 967
495 919
464 782
405 734
22 888
520 808
443 449
692 947
70 281
137 629
168 838
350 759
752 912
282 408
435 897
70 749
33 606
661 929
232 743
469 828
251 959
893 975
31 454
217 448
362 465
164 564
282 713
700 995
10 261
55 505
518 644
162 828
445 577
376 661
378 964
217 480
351 466
337 346
144 849
830 843
221 905
47 184
176 284
536 613
744 994
149 930
585 793
282 868
351 898
310 861
340 604
289 631
228 538
765 856
73 945
711 739
626 816
381 889
555 682
469 826
583 859
593 842
14 484
158 511
263 578
344 559
31 55
73 141
64 553
429 441
319 936
756 931
125 212
308 539
204 514
176 235
226 786
589 932
30 83
516 925
224 889
812 858
357 906
485 758
204 502
72 296
377 516
319 635
159 383
530 767
216 984
5 354
104 300
88 653
117 929
19 958
40 710
33 530
45 615
147 777
552 999
606 839
611 776
8 901
625 911
298 776
475 679
649 929
195 351
84 933
94 515
172 422
117 893
294 566
67 107
866 868
152 586
172 501
334 494
36 44
289 446
296 763
305 508
23 785
95 527
424 908
366 984
247 867
295 630
125 266
938 951
458 533
535 661
456 966
21 503
81 948
576 977
71 97
113 731
241 932
298 876
242 599
297 965
669 947
14 52
127 342
310 604
296 838
285 419
573 693
616 753
189 928
504 924
466 614
972 980
10 901
220 304
121 359
102 512
374 699
130 934
885 964
12 822
751 867
176 736
413 510
703 912
280 892
655 892
436 468
286 505
125 505
165 657
399 508
15 333
488 884
482 564
687 848
401 444
519 521
177 888
71 611
712 975
212 766
8 513
204 411
375 573
908 910
517 874
78 845
37 502
657 664
492 594
560 869
548 958
314 548
167 791
595 943
7 108
589 780
308 639
159 840
493 925
287 377
45 293
381 591
87 933
188 603
131 713
835 993
332 592
185 470
370 699
523 745
650 893
473 751
363 933
196 356
389 748
673 958
120 180
309 542
204 257
270 973
524 921
266 802
730 908
586 932
61 965
551 586
107 334
243 816
61 589
967 978
80 108
522 574
368 945
524 623
608 882
433 436
12 839
564 942
542 802
6 180
84 976
67 272
430 599
48 274
733 897
46 179
227 856
201 802
68 990
13 651
229 654
478 829
29 593
185 783
453 828
60 131
85 225
467 656
214 806
233 370
56 264
305 977
517 776
43 368
317 331
160 306
253 722
453 644
695 824
333 466
677 821
372 615
867 901
438 617
43 360
61 565
901 944
701 976
124 354
147 906
585 882
769 859
52 740
83 161
279 363
55 146
19 612
519 815
421 939
423 525
521 535
183 280
29 598
48 497
756 878
44 393
189 714
865 877
254 896
46 551
176 699
22 920
811 851
432 446
49 615
756 991
895 947
136 746
82 257
363 512
654 719
131 325
511 515
684 795
223 629
309 503
490 1000
760 838
15 242
93 393
193 323
202 550
350 760
152 711
362 979
206 216
844 859
93 121
343 378
509 712
237 549
63 445
419 423
60 98
74 872
149 219
322 451
557 780
744 831
191 231
117 917
41 628
363 936
541 815
142 318
63 165
764 922
169 293
207 617
758 786
356 374
330 983
607 944
187 935
222 715
534 732
568 691
118 715
178 447
292 571
595 882
186 933
594 861
736 866
318 621
148 339
233 919
855 877
335 866
795 966
273 780
300 902
414 919
727 880
208 292
414 977
487 679
411 903
409 967
572 984
410 637
503 909
221 717
303 731
535 644
147 652
227 853
387 939
336 548
325 562
522 690
398 801
404 675
587 917
575 877
649 772
694 750
61 464
3 460
522 852
231 730
137 429
176 815
19 752
4 745
580 624
10 12
455 558
582 750
687 719
131 821
401 912
635 818
509 872
363 806
154 799
511 533
305 924
78 779
67 724
311 757
61 625
254 936
125 528
330 591
439 471
829 841
176 445
89 694
229 792
600 632
596 772
682 725
284 812
37 735
303 924
169 369
201 968
85 375
87 334
480 564
653 989
80 610
210 774
13 907
141 900
311 630
329 559
439 445
482 623
326 654
55 536
121 793
392 545
23 903
132 338
21 246
698 807
344 951
734 756
253 535
76 650
461 587
469 701
685 841
172 976
26 615
552 919
76 236
233 609
231 929
284 412
169 558
597 625
443 840
533 755
446 913
520 723
421 526
338 599
449 662
169 385
95 250
163 340
699 866
307 318
668 999
115 342
189 754
373 821
421 586
159 348
159 775
364 787
682 925
400 481
155 860
34 824
277 585
448 693
852 902
273 864
186 637
859 928
288 475
36 128
80 392
754 941
283 447
59 737
248 976
107 994
766 776
493 626
615 852
44 850
120 666
424 995
12 16
532 757
519 737
311 697
322 770
171 921
122 939
717 761
66 307
113 441
212 714
430 728
627 898
727 928
411 799
484 837
406 681
772 845
281 807
84 664
410 820
554 984
387 816
7 878
307 762
168 853
444 630
225 962
369 463
322 792
105 973
432 566
328 364
309 947
133 794
345 587
173 501
95 830
236 474
143 883
362 613
33 356
361 583
437 639
653 761
454 759
367 936
959 992
109 978
128 584
55 592
825 942
413 552
807 931
368 623
173 564
463 489
196 624
538 682
254 398
357 574
381 407
639 845
165 851
291 406
289 921
394 935
476 529
412 685
946 965
664 925
101 909
291 793
740 980
659 916
673 718
550 928
730 765
210 522
23 344
53 790
252 847
491 573
423 801
898 993
33 431
306 760
768 852
546 886
280 732
18 694
349 657
322 938
173 941
341 966
89 983
170 982
570 697
27 351
137 653
20 217
307 635
722 816
547 989
563 797
471 703
383 831
35 696
382 618
444 985
465 975
342 585
411 738
122 489
32 215
622 903
555 578
924 994
409 907
123 700
605 855
30 110
233 864
171 208
585 597
93 498
7 395
226 384
322 662
464 675
645 738
171 380
47 440
120 188
435 767
421 901
53 666
256 296
572 584
440 628
139 292
244 882
165 699
647 737
202 444
425 635
18 787
275 920
405 437
218 529
621 627
608 916
889 929
565 803
265 466
3 582
761 772
168 506
375 718
86 872
17 551
174 188
243 483
416 902
386 487
10 530
112 450
133 920
519 829
78 383
434 941
23 902
464 501
5 628
18 487
869 938
898 967
88 152
174 387
532 689
374 806
386 863
907 975
111 740
881 941
311 611
298 352
202 714
208 849
277 494
535 675
387 632
563 733
169 440
323 885
697 704
434 449
234 956
2 696
123 306
102 752
184 601
110 236
773 950
97 701
755 900
531 632
334 998
236 974
367 831
109 196
83 744
668 774
262 929
70 957
3 483
687 825
140 342
733 805
117 164
19 291
807 809
90 454
405 702
52 996
78 688
249 762
603 802
93 839
598 682
80 352
165 529
165 545
236 994
126 843
354 415
183 990
14 874
502 715
196 281
170 498
303 721
21 94
272 585
6 286
266 403
445 924
741 746
111 978
161 855
122 552
715 885
263 563
626 753
217 823
449 885
597 733
441 471
730 883
25 119
37 509
41 747
287 472
268 884
289 493
88 233
97 522
163 258
641 743
33 177
230 285
520 575
194 716
67 893
73 834
87 152
277 307
380 836
74 631
120 725
553 788
262 528
465 558
486 948
502 942
830 947
48 767
430 782
90 705
414 635
202 856
61 261
730 865
487 870
148 710
168 526
25 235
48 962
148 739
361 864
416 655
403 800
826 966
536 731
570 768
928 943
80 113
437 978
397 521
953 980
311 772
312 433
574 738
407 738
418 872
33 970
29 293
140 617
71 527
1 365
104 866
284 855
321 441
368 781
14 967
511 585
519 853
888 982
705 960
64 271
434 888
147 637
74 129
360 629
741 981
38 102
462 868
68 679
60 911
69 570
561 847
264 661
173 196
142 182
72 198
63 457
235 897
128 501
213 803
753 821
38 193
507 969
84 427
292 827
813 849
209 283
244 802
489 825
316 791
245 838
105 438
386 561
232 969
814 869
337 764
670 925
142 596
185 843
287 968
343 749
711 840
173 208
487 974
860 999
59 296
668 754
282 377
78 723
272 653
670 685
598 978
118 222
768 832
165 543
560 708
113 745
340 851
140 769
114 999
855 886
496 969
222 224
250 514
110 120
385 720
706 888
545 683
17 721
750 999
16 274
880 934
577 679
234 993
200 490
637 686
440 866
786 902
188 543
142 757
47 918
106 991
128 439
118 837
8 639
178 285
112 519
737 954
264 743
485 498
322 427
627 805
320 792
516 890
651 772
287 748
166 217
104 168
437 708
335 865
56 688
339 751
552 720
300 455
438 622
152 981
33 391
114 712
308 409
328 945
514 810
272 795
444 998
554 651
410 477
253 555
810 852
39 978
12 360
210 629
436 808
27 483
161 543
156 925
3 789
68 516
154 710
768 926
278 635
129 817
437 867
170 929
720 731
340 776
624 987
202 901
21 694
430 444
131 631
470 612
133 288
528 839
461 891
442 707
139 928
372 586
939 971
667 670
671 693
506 957
306 408
303 331
104 549
707 840
458 573
243 496
611 912
357 774
138 702
195 232
944 951
675 964
271 497
332 752
336 861
852 932
351 956
379 769
287 367
25 34
101 512
95 626
396 677
337 747
44 557
125 761
24 115
207 348
156 219
247 686
61 66
167 273
419 955
159 901
435 983
105 929
278 292
284 572
19 175
215 581
444 710
476 761
282 597
519 626
138 876
522 822
11 318
370 947
164 185
349 457
205 256
134 178
635 849
361 847
254 724
243 475
524 814
193 436
332 983
392 512
244 388
98 470
215 309
24 538
389 772
252 368
849 888
626 796
424 917
123 146
182 603
90 269
652 733
584 680
116 386
739 790
267 807
250 867
630 660
434 539
328 513
223 730
134 834
370 565
455 665
472 718
71 115
637 785
285 431
58 227
55 436
87 433
538 724
55 700
186 391
269 983
764 834
526 698
746 901
538 970
168 245
386 477
706 863
204 760
59 755
269 603
41 502
270 721
281 508
128 575
389 490
652 702
430 536
138 560
253 742
370 706
9 723
54 183
140 433
429 742
638 853
625 691
39 721
24 734
193 671
413 529
149 936
904 917
405 432
416 452
320 665
795 916
89 326
213 288
37 608
580 733
217 559
135 746
32 925
310 683
562 611
430 494
116 861
463 769
298 305
173 450
140 885
641 860
265 979
49 446
35 253
174 617
440 611
362 892
231 813
634 854
174 302
404 822
153 225
117 721
588 878
591 723
325 576
305 650
3 30
80 440
89 724
885 939
87 245
391 695
531 724
561 748
67 109
343 448
751 807
468 865
56 710
130 460
712 910
847 948
452 497
107 204
454 828
170 345
744 755
262 842
206 397
511 957
154 215
372 739
523 930
84 467
267 665
419 459
293 614
448 529
228 606
196 778
785 894
220 825
313 911
716 871
965 1000
268 614
462 656
239 475
246 293
216 749
244 907
571 739
171 471
229 743
384 392
370 405
351 524
664 778
395 510
379 394
159 253
661 924
31 529
412 554
387 597
29 667
699 753
340 879
389 927
199 427
563 787
303 605
283 553
79 144
322 408
142 971
918 972
170 916
147 249
162 758
122 276
657 964
228 968
357 693
782 991
81 347
783 997
34 985
361 896
123 281
8 530
458 727
86 931
740 913
444 924
628 693
172 348
598 643
111 398
180 461
98 100
804 870
61 668
806 994
148 491
316 498
533 1000
420 477
162 793
598 893
659 741
510 643
65 105
215 573
292 516
167 306
245 551
509 622
293 569
655 845
701 750
41 93
68 602
439 794
168 394
250 459
54 706
274 776
91 845
59 329
122 583
416 776
221 289
160 980
693 827
573 918
22 597
86 705
620 960
145 904
114 970
319 449
100 865
358 421
222 836
196 527
348 707
78 474
702 780
339 608
701 949
63 567
237 963
755 990
776 789
793 872
14 128
290 824
33 729
89 222
5 548
97 667
774 873
671 967
431 670
523 696
344 614
165 336
96 936
430 650
57 872
373 545
77 945
33 810
396 413
36 777
193 212
69 369
201 692
619 873
434 973
475 845
363 469
327 569
290 295
455 724
224 639
291 343
97 668
151 180
32 924
292 360
24 394
789 821
196 987
370 809
398 936
255 744
25 259
391 540
107 712
180 757
392 467
326 799
93 281
348 553
222 414
152 477
186 547
120 190
753 909
341 738
42 816
611 831
182 417
231 249
63 696
371 700
501 761
771 915
192 283
351 589
650 831
164 618
271 920
38 322
179 269
293 417
293 887
947 981
33 144
378 475
91 797
266 402
175 371
191 475
3 892
667 688
316 783
141 817
697 754
705 768
30 60
3 458
525 958
918 991
218 868
123 686
586 793
504 630
797 870
205 869
720 764
848 951
600 826
458 848
89 948
507 639
579 808
166 311
892 932
646 954
29 659
398 656
202 585
58 679
545 792
75 325
413 934
133 473
50 294
183 360
632 815
279 281
56 855
828 958
45 258
316 998
187 577
225 869
279 796
836 869
197 747
325 378
23 302
95 587
100 140
68 683
94 701
484 987
557 852
20 438
163 963
451 978
261 996
546 986
207 514
273 788
780 972
164 233
716 984
5 819
56 364
54 406
522 535
466 623
19 59
420 603
115 299
414 778
222 476
247 940
280 922
47 938
302 370
296 740
204 721
282 625
209 235
249 615
215 472
161 315
437 859
62 400
619 882
234 807
161 593
163 712
115 758
502 817
297 372
267 796
213 243
30 898
579 729
317 744
628 716
706 880
52 410
2 634
5 159
857 973
71 580
11 283
211 375
310 682
327 777
81 670
512 716
406 733
100 949
180 518
245 780
347 398
731 965
728 811
154 224
31 969
447 891
259 728
425 711
147 695
537 670
121 864
425 525
407 773
101 325
164 565
71 357
357 427
467 520
350 972
213 973
790 944
718 892
613 909
257 674
258 888
502 709
295 980
92 97
205 895
727 817
770 891
28 410
84 289
880 974
70 148
592 711
83 928
33 803
663 730
234 584
119 871
809 955
219 924
424 875
375 590
516 959
348 952
135 490
315 411
185 799
339 541
338 349
92 179
183 928
251 440
84 124
85 378
434 940
283 631
111 265
176 891
781 924
80 616
844 948
764 860
298 471
206 861
97 118
400 604
417 425
688 693
356 776
105 423
299 730
299 557
202 869
122 659
332 590
191 646
478 557
665 746
124 156
69 683
168 497
803 955
285 429
234 547
590 657
933 948
164 308
384 800
104 988
572 649
296 901
110 559
801 979
192 814
186 338
141 315
347 815
481 485
280 362
186 203
562 767
890 931
435 945
661 838
133 427
695 924
166 342
317 548
83 665
690 919
366 376
231 958
480 669
578 720
165 351
652 825
51 945
392 916
391 424
13 679
708 805
663 677
719 811
364 774
71 921
502 638
398 671
3 745
91 850
91 822
468 605
307 932
399 499
256 512
123 886
107 229
162 606
588 785
77 404
149 488
290 521
771 932
127 303
710 778
503 685
481 768
27 313
304 377
457 859
742 873
752 776
549 744
447 721
11 291
201 255
433 593
242 645
872 937
184 367
92 673
595 758
191 529
537 583
183 953
296 704
73 162
76 257
144 936
772 815
84 703
274 954
911 960
51 59
298 445
493 850
670 976
750 821
800 863
138 268
648 787
482 752
340 738
23 240
53 585
133 315
44 129
809 840
314 902
115 519
426 529
678 972
144 600
501 934
297 461
378 988
245 737
176 955
329 566
15 63
615 886
46 257
115 810
247 555
6 767
810 957
769 789
155 419
472 495
256 389
420 892
291 317
282 746
113 592
631 878
827 901
83 252
398 476
662 869
276 786
133 448
29 154
661 866
256 817
232 458
145 500
969 991
54 99
916 959
288 635
510 947
479 598
409 594
289 417
94 544
176 346
75 701
598 825
355 805
81 344
462 698
501 692
3 588
313 615
798 912
466 858
469 565
37 957
210 646
139 400
129 556
321 793
211 939
206 661
517 799
81 750
53 996
332 932
66 672
249 645
467 789
585 940
625 858
677 936
233 855
319 349
386 885
33 425
86 972
402 816
501 945
205 574
431 565
22 501
423 625
238 557
161 311
35 591
911 986
360 641
191 911
74 654
374 884
213 579
177 809
163 723
276 313
348 550
537 734
625 738
307 713
218 886
75 616
81 400
542 566
818 823
615 847
404 684
166 906
252 761
558 946
476 698
260 968
763 831
218 799
321 555
711 909
509 523
316 497
201 737
657 785
61 615
329 874
264 777
65 180
32 178
180 349
685 743
238 525
839 966
23 506
930 991
463 771
98 227
272 553
154 359
191 687
246 489
675 863
138 500
141 506
345 848
884 997
513 919
39 795
480 736
724 757
246 350
29 574
129 276
197 842
686 990
22 633
119 942
272 435
477 929
178 541
651 857
90 934
302 333
196 811
595 774
736 884
902 957
55 131
669 991
85 869
80 638
587 973
808 916
72 748
99 994
32 433
482 935
157 318
47 567
43 329
810 972
585 929
59 757
183 432
538 997
578 904
49 586
427 435
181 730
29 605
715 729
73 152
216 358
168 559
158 541
274 898
475 658
486 825
348 542
540 730
245 456
53 842
394 700
380 509
127 147
52 278
727 907
62 507
133 777
149 261
110 141
652 954
343 576
85 512
839 889
56 637
365 694
157 615
444 970
703 911
398 569
366 378
735 818
555 847
874 977
399 970
154 668
801 821
198 628
110 810
342 784
215 443
216 544
401 423
771 803
529 543
603 657
751 762
857 914
383 847
85 259
655 752
229 271
69 75
885 934
175 760
96 394
262 496
391 764
217 599
10 802
221 731
294 622
253 765
61 553
136 288
305 769
178 505
287 976
254 683
347 923
351 394
16 366
883 970
325 405
256 511
658 992
229 674
244 514
372 862
105 667
369 963
800 873
520 582
176 620
193 410
160 849
727 843
316 626
180 656
203 802
277 528
672 691
322 323
267 721
423 557
213 262
60 695
14 271
569 785
776 865
255 787
51 998
522 691
497 977
542 579
622 839
619 885
432 505
787 957
96 524
79 749
181 999
241 827
680 851
92 100
64 478
174 613
290 415
142 759
169 786
239 571
328 803
686 724
515 526
331 789
781 914
612 924
61 593
55 546
372 888
49 595
392 449
655 837
95 297
760 856
683 817
146 985
166 532
579 608
633 885
274 881
309 990
682 994
61 109
742 861
231 464
698 911
420 953
185 780
35 403
910 980
18 97
59 900
360 498
378 613
258 793
259 685
141 233
273 664
327 662
335 436
595 754
218 769
429 841
58 113
272 277
246 639
59 880
119 998
835 853
173 498
546 940
165 431
418 807
21 979
52 232
79 818
239 930
79 891
216 947
159 921
650 821
157 623
26 78
438 872
401 685
278 459
785 794
233 993
715 820
416 617
356 719
444 741
269 960
25 475
647 921
19 562
179 417
114 226
696 976
623 923
240 831
420 594
33 524
942 995
819 888
252 746
45 938
132 855
725 789
423 842
59 503
863 969
110 783
32 351
18 484
33 978
565 919
188 270
478 948
205 398
951 997
174 876
211 703
271 287
4 580
30 924
26 772
593 661
772 804
102 893
330 868
289 442
194 277
626 834
302 843
413 685
644 901
373 947
115 455
487 744
704 925
376 615
244 660
475 768
380 607
43 876
647 908
577 916
280 711
183 728
310 579
65 78
495 790
241 491
273 789
22 180
521 650
331 601
682 727
220 430
113 542
184 852
3 452
416 493
125 250
704 923
471 869
141 955
169 570
178 238
184 654
300 787
508 942
54 523
91 991
22 916
747 773
536 828
455 906
94 306
220 781
1 335
587 981
502 823
648 708
590 596
549 664
399 989
40 768
670 978
793 800
843 863
52 661
105 793
122 497
181 207
36 378
106 416
67 529
374 393
15 211
643 930
348 411
452 674
587 689
276 649
327 447
399 536
702 829
379 570
860 994
217 538
820 826
770 989
68 389
364 905
196 516
919 932
214 883
583 844
165 569
146 783
379 915
25 126
759 857
337 710
621 648
633 849
586 768
627 895
51 287
31 38
371 937
458 551
634 970
201 202
340 552
249 306
836 840
122 812
130 839
370 397
842 927
30 109
225 273
262 966
342 463
45 358
734 858
237 993
783 913
371 565
687 948
775 927
60 628
27 448
289 654
220 406
60 451
327 901
538 875
664 912
122 996
736 796
81 651
346 548
877 962
463 608
910 986
158 236
229 391
352 658
480 569
332 432
263 502
221 600
1 329
634 863
188 539
559 856
462 528
479 719
337 532
26 637
505 913
70 899
511 778
46 192
46 376
484 539
815 994
130 345
663 718
288 392
332 537
142 338
704 741
287 503
32 780
329 645
144 523
542 780
419 625
394 604
14 685
759 941
729 892
543 913
411 813
548 588
183 798
349 503
145 960
388 467
218 826
600 791
660 886
168 893
344 903
604 737
127 164
289 543
318 523
87 823
220 295
192 247
528 658
78 481
76 665
285 451
20 958
247 510
458 840
94 364
412 979
516 878
385 814
407 685
565 688
293 833
591 629
682 792
3 716
293 639
148 344
107 610
123 457
156 959
385 579
128 221
283 741
575 577
64 229
85 868
134 753
184 778
163 378
205 520
540 940
9 130
625 854
295 376
338 979
544 975
128 189
730 970
207 770
223 806
424 833
378 449
149 517
12 887
557 931
5 762
650 837
173 402
627 846
494 614
791 855
405 508
298 843
294 411
239 665
446 754
17 918
41 331
664 808
810 865
559 902
654 884
562 769
288 569
201 518
414 971
231 899
35 929
539 703
131 746
309 595
17 615
51 156
58 176
375 916
452 864
100 486
409 960
715 886
120 594
375 960
85 877
465 492
67 922
224 952
366 595
304 800
495 757
15 976
76 220
532 829
107 412
522 640
159 433
888 917
669 735
509 898
788 897
309 939
881 968
169 204
453 677
131 681
376 462
748 832
64 151
91 837
150 244
405 785
258 309
199 656
892 929
846 998
564 571
573 694
719 940
80 528
591 790
685 959
272 642
64 927
645 791
482 855
250 367
288 582
493 849
545 592
337 726
185 597
8 70
614 659
225 453
332 603
37 170
293 469
23 638
176 388
42 176
139 170
73 660
910 924
153 607
349 846
693 919
382 984
424 432
63 559
311 966
103 326
880 886
502 551
635 971
192 455
274 740
366 601
51 794
596 795
250 334
150 762
6 911
826 979
675 833
165 754
85 461
347 411
441 838
274 523
111 725
358 763
30 623
410 440
329 558
217 255
346 473
741 854
115 154
55 684
759 985
346 686
253 602
59 593
307 415
670 825
748 786
879 903
145 307
615 651
274 588
445 658
483 677
124 766
282 728
232 733
56 73
479 880
378 474
643 705
484 697
238 426
815 990
840 915
775 997
263 286
702 719
47 247
28 741
537 634
89 645
308 741
468 855
72 348
198 307
36 320
641 946
107 849
107 466
293 809
121 761
66 934
388 625
387 697
473 616
287 574
277 568
286 895
80 747
278 916
312 752
304 520
122 369
367 452
383 824
324 659
134 239
599 970
566 840
257 913
174 350
263 891
394 650
402 927
289 487
94 693
747 936
890 944
325 468
396 561
221 718
692 970
572 771
19 87
155 438
148 204
186 494
552 906
739 968
203 398
79 597
586 792
20 499
446 873
567 956
534 888
641 975
238 932
459 743
32 171
140 220
316 570
89 396
711 763
337 851
640 836
625 664
84 497
19 61
258 769
37 206
440 975
820 893
333 459
856 885
364 397
405 761
341 365
78 164
256 735
335 555
142 412
123 960
220 777
9 25
588 800
172 666
162 980
166 749
334 495
828 881
499 995
148 568
564 729
308 697
629 728
412 782
557 833
390 885
198 904
172 672
372 898
195 744
314 713
403 856
98 188
712 972
19 786
344 911
982 993
193 452
512 764
216 516
171 262
293 369
390 850
157 634
446 619
6 425
715 840
367 649
442 857
185 855
209 959
130 299
163 164
643 796
178 757
233 542
716 809
767 804
310 909
344 666
421 506
655 813
90 146
565 999
70 321
107 419
298 425
642 865
60 95
23 843
655 848
609 875
239 263
62 184
37 601
231 398
236 245
505 997
319 983
209 246
910 942
453 682
129 505
191 542
128 493
352 649
24 923
652 981
703 865
640 646
145 445
273 621
49 56
376 952
201 963
141 812
733 740
155 376
147 733
924 937
219 856
804 905
622 674
43 473
63 372
36 130
936 991
164 526
545 608
361 513
742 841
35 822
153 350
262 859
171 620
372 611
102 251
236 547
265 709
114 445
240 891
139 384
9 556
287 995
76 335
77 777
65 156
99 358
757 898
587 980
182 503
499 936
248 746
127 582
155 895
42 786
259 942
106 752
85 319
462 971
331 378
224 321
621 897
158 667
86 807
23 248
171 445
348 458
187 944
427 601
6 809
44 835
365 797
741 764
117 798
348 519
404 425
229 376
689 809
144 283
226 499
583 754
146 510
252 513
525 770
683 949
859 933
71 935
232 451
652 751
102 730
346 817
30 435
42 683
112 570
606 999
173 211
684 974
12 657
520 755
252 522
19 413
7 256
96 494
414 629
413 712
516 774
149 627
206 691
360 910
261 449
590 961
361 369
315 791
287 761
615 684
749 939
209 278
568 640
248 626
196 534
159 334
642 888
806 857
404 679
440 585
119 771
33 793
292 687
35 509
319 761
714 948
421 697
8 335
411 549
184 857
376 861
22 275
362 579
257 877
160 226
203 234
471 506
466 825
78 626
244 606
200 944
383 403
538 781
63 945
98 565
813 968
115 731
98 390
336 387
500 835
164 182
236 453
652 685
180 968
132 297
860 947
161 828
5 1000
101 353
367 549
347 772
166 372
293 518
393 766
114 658
446 753
97 776
178 626
8 895
534 558
507 776
162 784
129 538
313 732
643 856
24 553
268 336
427 782
278 685
406 602
461 782
752 879
201 794
99 707
233 851
303 847
428 911
87 362
321 421
296 510
122 317
372 704
138 370
59 458
167 372
637 735
775 915
652 845
108 424
217 905
605 653
54 891
822 992
631 928
386 493
64 111
144 836
197 272
348 839
534 832
143 893
760 910
458 918
666 976
870 940
336 701
44 460
83 998
248 433
360 646
341 954
341 518
636 758
286 487
162 404
16 277
892 979
257 555
278 576
180 255
437 868
803 919
39 177
164 238
116 767
809 954
223 278
482 924
598 843
188 546
373 916
316 759
126 996
397 554
44 330
382 685
461 898
507 722
22 190
792 934
138 912
404 978
747 864
444 773
214 349
117 235
369 875
399 486
17 525
404 716
19 339
158 866
840 985
27 968
183 442
135 160
176 550
261 851
41 549
161 810
329 801
310 829
342 824
243 473
634 778
269 462
525 780
68 71
204 458
334 459
163 185
228 520
876 996
439 795
741 870
295 684
426 868
138 409
698 765
124 328
102 677
708 857
224 707
283 923
57 996
745 804
354 413
302 373
58 749
215 390
251 353
237 999
776 784
564 853
254 718
613 674
16 428
118 294
493 801
435 492
104 315
523 529
458 914
453 814
469 514
299 309
145 323
613 780
133 824
308 446
552 578
661 918
37 583
766 982
96 223
19 192
198 271
217 751
469 910
658 709
259 963
303 832
7 268
533 646
4 112
450 966
21 62
96 775
302 460
203 799
531 779
364 630
156 560
330 586
53 108
592 630
102 990
87 493
141 943
89 208
469 749
28 983
227 906
731 881
545 874
191 326
157 910
342 365
142 937
117 801
451 726
268 567
585 868
61 936
422 564
96 694
607 684
555 697
270 570
182 545
16 27
701 707
52 279
351 698
472 759
2 32
349 779
225 435
36 184
637 870
290 336
36 885
226 709
787 800
349 579
273 943
386 763
810 829
403 495
511 619
592 891
511 587
483 745
652 973
431 928
761 953
73 339
323 919
400 910
220 831
16 914
158 324
300 764
424 601
357 481
162 377
796 807
245 916
414 996
116 1000
265 656
446 584
373 671
400 874
573 806
253 812
219 992
190 526
162 716
114 832
158 369
66 524
447 632
466 930
16 541
171 327
71 228
8 809
235 832
188 974
100 737
506 998
43 410
120 710
481 916
307 341
286 533
692 815
362 990
344 969
838 863
13 123
347 951
641 821
37 737
149 621
730 745
1 237
82 628
441 978
418 518
207 975
153 572
363 1000
301 374
26 154
482 954
106 959
321 840
901 926
517 704
816 900
171 519
12 737
346 421
236 266
255 453
245 738
444 516
295 511
5 582
315 583
79 547
2 179
693 845
172 682
740 772
366 541
577 765
52 344
330 458
375 506
23 320
374 860
119 281
93 581
355 989
93 671
171 937
190 437
156 509
233 453
657 970
600 684
936 981
31 41
289 538
483 628
17 696
31 993
408 702
61 119
75 364
204 753
466 608
12 753
104 571
151 615
332 990
365 500
265 742
167 397
599 634
143 620
492 517
694 909
863 912
191 653
464 831
40 107
213 827
314 775
76 502
312 426
144 926
708 889
531 766
177 326
278 876
322 577
80 574
404 603
269 613
108 255
594 922
223 878
77 191
10 654
493 800
595 629
34 696
516 529
337 420
417 837
11 66
490 648
300 925
763 928
417 485
10 119
293 521
360 442
469 836
341 778
724 987
290 345
209 961
487 912
207 601
437 970
69 340
223 624
142 973
198 258
158 987
4 511
136 516
584 990
597 607
105 690
477 625
520 905
344 552
789 962
843 904
553 565
434 619
763 904
98 477
39 243
257 328
377 744
19 300
223 579
268 371
614 637
279 785
421 754
553 848
250 869
460 476
172 327
404 496
13 470
9 444
278 290
177 260
76 486
128 944
1 94
124 142
487 492
68 283
660 972
186 918
34 98
48 238
224 454
291 493
294 461
356 786
38 166
98 381
277 471
714 982
673 954
465 554
431 758
505 996
717 949
264 478
6 943
52 588
573 614
536 786
563 651
543 792
478 581
201 666
483 884
525 697
68 469
675 719
81 910
236 311
291 715
586 697
281 403
136 173
708 953
94 365
486 874
687 954
352 915
273 367
32 46
581 743
138 528
832 945
127 685
258 540
133 256
227 739
258 886
439 700
340 827
508 808
174 663
389 942
268 854
537 1000
505 623
421 682
179 695
241 779
231 275
427 874
19 393
558 944
252 974
18 625
201 852
263 732
90 265
642 907
410 591
684 722
600 966
9 803
516 999
477 858
152 681
368 648
27 467
401 905
414 504
528 541
321 617
742 969
753 828
214 767
303 360
421 520
185 633
871 987
258 799
619 806
114 360
766 917
137 857
46 182
613 849
67 353
223 777
216 253
510 633
776 974
746 749
560 619
348 865
124 473
300 534
845 914
366 846
561 939
38 780
433 918
543 726
154 841
159 661
170 562
26 467
42 198
88 799
284 311
546 821
235 873
296 341
180 756
383 712
659 905
443 707
109 693
277 378
597 855
146 645
60 68
511 861
245 817
408 901
672 743
53 184
486 974
111 677
148 287
106 913
687 794
27 553
351 880
766 930
870 939
572 683
84 680
166 548
108 399
401 834
386 463
535 582
541 671
255 477
820 835
122 611
362 474
708 797
115 157
257 400
453 755
60 681
291 392
16 481
150 532
170 201
215 348
169 851
400 662
569 575
416 921
437 452
135 850
8 926
35 739
357 491
545 726
14 887
471 961
429 912
142 747
716 839
178 270
650 986
5 261
418 832
435 703
824 847
481 502
26 309
351 411
386 605
203 968
109 982
946 971
340 491
672 870
457 542
297 465
330 590
612 668
128 400
439 547
698 797
185 979
703 808
19 924
518 802
100 835
148 854
168 269
146 309
618 686
673 930
361 590
185 379
484 881
56 205
85 208
434 794
262 659
154 189
211 844
541 721
21 919
307 731
564 890
28 571
464 898
581 696
313 413
112 445
217 972
293 430
750 985
237 908
851 909
682 945
556 954
125 914
646 916
441 980
543 861
476 649
426 671
328 439
795 926
178 214
119 131
426 977
117 765
87 726
314 545
260 611
266 727
806 815
204 743
124 378
250 530
811 998
128 138
29 201
171 177
41 877
146 577
175 268
179 823
827 903
57 378
159 552
134 336
573 628
596 659
635 735
495 689
599 619
62 495
157 931
227 302
138 482
437 594
61 230
468 736
42 451
484 916
499 725
658 871
6 129
258 330
344 553
12 684
389 646
888 927
103 153
373 776
49 664
73 580
360 763
403 872
304 512
185 947
386 663
114 625
94 973
388 687
192 361
1 709
282 475
315 350
140 165
192 508
398 663
153 791
384 447
568 653
808 815
372 680
336 386
151 767
242 761
110 637
94 150
446 467
279 815
337 513
303 669
78 746
258 305
328 819
267 625
193 639
134 321
543 809
327 570
613 848
69 891
29 440
654 726
413 611
104 467
314 323
376 413
854 983
398 402
143 419
960 969
359 699
230 952
166 670
62 163
497 592
593 983
190 614
428 630
473 934
361 605
100 656
89 309
831 888
272 889
78 550
253 704
358 782
62 137
210 255
73 448
865 928
286 817
218 236
418 591
568 973
218 805
843 857
265 842
508 886
554 817
48 820
214 704
466 515
70 279
78 584
397 494
647 841
58 890
17 769
8 833
193 368
9 365
165 242
47 55
359 425
60 971
402 965
745 859
239 500
86 195
603 955
800 899
67 792
206 237
423 792
272 549
95 502
176 841
666 899
70 523
391 552
475 867
684 818
724 899
157 258
838 856
89 383
83 226
355 490
569 779
266 797
423 799
348 625
77 606
483 579
140 341
247 790
574 826
677 953
215 641
555 928
337 404
86 534
411 993
251 434
432 865
281 315
64 675
129 564
170 182
698 960
373 638
624 893
188 753
801 986
118 997
484 542
119 329
194 887
175 775
37 864
30 579
40 405
929 983
124 828
745 977
448 615
619 694
234 843
258 386
77 868
812 902
202 249
309 923
360 379
86 300
165 303
665 856
931 972
2 587
305 409
88 217
256 393
344 382
44 403
285 656
485 702
173 685
578 588
810 869
503 674
228 442
806 968
849 874
341 963
701 764
620 846
362 732
172 173
490 791
33 992
392 687
443 752
189 817
70 579
246 895
945 951
77 94
436 672
455 470
508 877
27 579
340 578
170 483
334 734
47 452
153 474
490 789
476 979
489 543
44 638
213 688
159 412
100 887
242 903
890 974
151 652
404 455
101 691
511 797
476 742
2 603
60 527
20 288
314 901
521 870
417 455
497 798
544 725
698 997
595 665
64 532
644 902
156 901
77 201
100 128
86 934
285 913
258 713
414 586
517 913
481 547
7 932
45 246
56 825
607 986
179 814
244 278
778 825
130 958
594 780
352 731
47 641
761 906
718 834
620 797
203 877
2 828
639 807
431 873
312 371
287 547
240 850
509 725
12 71
355 818
608 822
828 910
663 802
880 945
499 509
495 654
409 767
270 324
50 866
187 629
259 868
727 956
94 650
250 487
661 803
349 556
111 544
37 372
181 843
307 821
564 894
342 368
174 640
309 350
312 349
10 110
151 288
139 185
316 463
69 414
61 690
307 982
422 910
177 660
60 645
161 213
359 864
504 522
790 862
478 695
99 398
130 864
586 987
462 618
94 269
193 433
658 688
40 938
374 572
280 806
575 601
413 619
68 690
284 458
157 538
53 833
453 536
309 342
204 914
229 707
378 668
604 613
668 902
237 804
33 488
631 897
381 644
838 881
969 994
228 481
54 845
718 990
319 665
22 790
342 401
388 951
428 531
265 879
422 817
152 907
112 764
417 542
595 805
370 499
404 951
838 913
375 452
92 154
605 794
506 544
444 757
324 534
121 555
484 677
21 524
304 464
543 891
606 837
129 939
816 941
198 261
890 927
44 232
734 843
2 866
30 701
36 552
167 842
272 716
66 410
596 914
638 720
199 300
275 416
307 644
63 168
228 651
226 397
360 800
430 690
530 925
794 807
203 791
280 966
409 749
358 485
317 793
191 470
276 477
559 857
362 662
362 846
30 987
296 717
442 598
14 461
293 659
474 736
271 914
501 960
83 991
317 454
82 539
26 583
168 687
104 907
49 447
236 748
89 116
211 409
611 858
40 481
444 691
516 632
381 714
219 704
84 878
7 372
762 936
221 231
210 828
123 200
10 358
98 509
542 563
626 838
1 603
291 346
332 547
341 950
725 976
189 498
678 704
262 333
255 831
389 836
539 767
465 630
858 960
191 917
646 998
69 642
51 585
195 506
145 901
800 892
164 680
885 941
229 446
857 906
358 646
374 973
126 503
130 966
191 862
567 628
390 719
131 372
330 624
391 792
446 674
752 882
139 807
35 626
6 559
290 815
123 774
836 961
573 680
281 716
493 802
567 865
170 740
487 943
2 46
816 818
231 916
164 270
387 648
65 567
501 570
8 953
425 871
344 921
347 785
527 726
607 762
61 656
141 482
273 403
697 924
588 743
111 667
586 738
167 928
693 762
847 976
165 631
221 688
324 330
22 779
737 821
113 537
588 803
396 684
278 570
93 999
359 879
110 868
236 550
315 409
26 841
128 979
28 97
145 236
592 944
100 802
452 641
139 866
362 721
6 337
313 632
164 458
133 605
742 900
569 699
66 369
223 900
443 741
232 599
241 509
58 62
801 867
329 710
24 998
203 953
578 886
707 815
412 425
39 95
198 688
58 508
467 601
206 821
400 456
67 488
131 649
532 730
222 501
392 926
178 396
555 977
242 852
240 243
183 331
319 948
631 930
661 901
634 807
620 736
222 472
25 732
213 368
699 774
58 411
363 972
590 855
151 875
214 515
501 647
277 673
797 965
733 771
488 873
399 855
32 1000
161 489
321 404
296 741
213 517
168 562
725 787
131 198
273 410
195 704
348 494
165 549
598 797
420 998
37 204
249 993
888 992
512 727
469 965
491 710
46 180
135 690
412 748
518 875
668 687
320 559
713 962
309 496
227 884
701 738
315 664
226 609
290 350
791 887
17 219
364 970
61 610
277 379
40 937
219 850
117 367
39 560
379 945
348 516
326 402
392 893
373 832
146 891
257 517
338 648
128 818
404 599
485 635
723 770
100 374
133 821
602 896
416 505
156 876
584 763
57 655
48 992
921 932
281 641
891 952
616 900
791 811
386 414
284 981
628 658
944 955
535 773
646 698
342 367
116 523
532 549
130 816
147 571
272 692
365 846
186 581
58 324
545 557
700 846
86 455
97 532
224 545
471 953
489 930
372 800
452 785
36 821
697 752
49 593
679 896
206 1000
27 616
439 599
335 971
82 861
136 306
262 549
582 584
324 730
311 637
106 163
61 724
186 268
180 712
304 926
138 256
825 979
117 453
248 936
532 683
170 748
825 889
333 714
230 621
68 244
86 428
48 568
223 745
430 919
225 745
93 790
475 750
41 355
179 737
32 944
239 506
191 378
246 278
785 933
826 911
24 912
337 380
216 478
32 954
126 994
231 465
378 704
294 926
65 580
256 567
172 771
584 898
835 956
573 598
790 888
370 425
39 413
665 997
220 748
170 875
105 353
727 791
365 448
769 955
153 930
38 336
21 385
349 370
155 441
283 806
37 960
478 997
110 532
301 379
42 555
167 179
502 965
368 875
175 627
205 476
25 987
45 435
502 515
485 641
364 576
488 941
211 446
118 560
10 147
21 402
221 380
554 665
879 886
204 866
529 914
370 436
381 923
109 804
281 396
85 261
41 301
36 760
336 633
405 757
581 903
171 756
120 204
200 370
212 339
460 475
89 306
341 651
222 510
504 572
173 282
780 873
78 215
264 339
96 377
56 864
543 669
938 963
485 565
215 354
346 554
32 463
845 922
116 143
229 811
599 626
203 207
360 961
227 639
239 462
344 736
41 971
295 794
179 967
492 562
318 883
140 311
822 948
122 690
199 951
780 917
755 757
308 927
235 862
159 783
172 853
284 990
882 917
149 689
795 914
200 945
546 555
84 983
35 877
462 508
7 483
67 285
558 668
287 329
173 453
116 401
129 548
560 749
321 729
509 830
465 506
869 969
681 758
762 783
408 412
179 214
371 448
434 436
451 740
244 874
526 927
521 667
498 952
676 896
297 921
148 224
136 630
156 717
209 651
46 415
8 834
490 965
558 591
458 939
646 866
444 572
82 704
381 395
208 361
186 351
464 699
574 965
6 236
401 956
455 650
349 574
270 451
641 687
541 758
88 385
365 978
274 433
635 668
113 403
528 950
410 430
233 998
295 849
214 751
831 839
202 899
283 310
12 819
245 440
112 893
158 285
145 315
315 723
158 533
343 875
268 900
70 449
416 963
176 893
540 543
126 473
327 647
47 846
784 802
504 787
702 984
202 207
291 729
126 335
682 914
15 126
463 908
631 852
62 901
879 909
673 902
68 330
495 923
559 579
375 675
555 621
116 167
282 836
368 537
265 695
461 604
149 434
227 250
8 65
418 751
38 504
225 827
633 961
76 798
261 856
312 640
79 807
461 647
532 545
618 940
579 792
632 950
336 395
36 648
196 795
601 652
608 818
181 510
218 817
282 917
557 915
16 104
141 419
571 906
25 168
649 742
500 858
294 637
59 670
526 872
520 728
500 863
875 959
36 933
480 790
179 966
314 426
583 853
538 701
366 557
169 660
3 517
123 947
690 900
225 664
512 792
468 572
328 627
262 952
277 670
169 904
312 548
232 517
153 850
526 916
174 271
682 687
330 767
87 444
92 646
843 871
347 572
247 682
555 591
432 568
404 942
387 896
190 907
53 981
412 745
349 550
586 609
871 914
802 979
9 48
3 560
47 304
205 953
537 666
119 265
88 589
675 704
287 423
254 787
29 656
2 268
351 512
771 792
502 848
545 901
236 531
605 779
47 851
4 257
123 845
112 256
412 529
94 418
670 938
284 885
745 817
62 657
618 655
21 69
309 375
304 557
18 897
18 509
608 963
179 914
161 914
195 638
627 796
503 611
562 871
266 893
769 800
35 79
131 727
308 397
839 999
336 647
512 868
734 937
42 90
45 364
436 541
448 759
228 273
354 553
40 829
539 939
12 691
176 274
302 866
328 661
448 727
713 927
173 241
513 779
678 926
215 662
300 891
164 809
179 717
495 922
596 879
261 426
562 620
147 597
672 928
295 497
37 487
767 902
383 794
196 926
178 748
750 917
956 964
81 614
73 910
149 593
24 484
336 456
250 801
493 549
760 896
228 874
157 709
445 556
579 811
98 594
557 876
586 756
115 498
394 747
480 887
900 912
763 830
856 864
570 965
474 604
707 738
795 874
693 755
122 780
842 961
546 765
465 971
367 707
127 887
847 886
209 984
207 614
177 335
27 99
234 703
882 969
115 548
361 363
3 92
573 649
533 826
381 480
273 518
573 995
298 404
516 689
243 840
103 996
689 719
585 948
569 931
310 638
221 379
253 686
379 773
321 959
201 283
15 556
85 788
522 802
66 421
228 435
752 837
711 791
178 383
222 555
44 800
370 876
217 636
147 578
183 184
235 483
102 244
71 622
581 750
73 166
212 349
300 480
298 659
394 714
359 559
296 848
237 641
484 584
119 491
393 939
136 909
270 311
131 986
232 807
158 846
113 981
66 872
777 954
90 846
186 732
747 816
138 954
647 779
619 811
240 662
544 753
64 500
663 668
447 580
303 520
682 695
181 447
391 910
22 929
728 814
693 792
102 983
138 327
319 906
518 836
428 913
865 879
106 323
272 605
17 23
209 412
146 428
192 277
354 731
173 374
43 77
171 863
335 763
378 512
279 658
58 974
378 537
586 619
89 770
492 956
720 907
163 805
39 804
308 874
668 788
222 378
12 541
142 823
508 759
43 621
23 229
148 241
205 734
915 995
511 678
524 936
39 729
525 933
494 546
160 832
810 952
816 923
71 738
502 791
736 931
129 888
570 733
97 679
229 615
449 726
263 369
371 626
63 523
492 578
794 970
494 699
95 315
414 452
183 542
304 943
652 675
699 813
491 748
369 597
75 211
671 737
62 463
609 873
515 587
364 458
138 596
81 122
247 521
736 919
103 615
360 454
3 20
58 887
396 657
276 647
892 913
341 875
43 744
359 636
119 287
613 734
791 942
748 987
439 847
325 505
554 809
113 509
437 817
115 849
36 253
123 372
316 975
103 891
467 847
608 965
850 917
263 548
110 376
298 701
409 697
28 597
60 253
306 395
27 341
323 889
624 753
266 467
356 789
84 168
411 707
662 981
192 604
260 704
856 897
121 485
655 791
427 951
133 282
231 890
148 382
129 613
137 378
84 229
103 905
522 731
352 595
213 345
218 645
582 692
37 151
345 773
11 762
268 783
676 736
11 925
12 946
310 724
205 411
85 155
236 894
529 570
523 842
14 638
183 371
485 908
12 423
302 574
313 855
390 401
160 720
102 755
390 633
140 723
348 541
550 676
30 721
299 427
442 555
360 686
375 517
458 483
199 470
338 361
345 719
123 748
434 678
482 998
218 679
295 645
347 511
689 728
91 223
612 836
332 422
18 685
12 543
110 349
470 888
120 962
644 815
88 636
520 658
175 422
24 477
303 941
553 861
472 535
599 904
7 638
25 76
832 921
604 733
541 648
258 573
651 700
446 959
53 73
669 766
305 829
439 970
912 966
273 417
555 894
225 974
78 258
171 578
201 815
643 743
63 891
795 825
182 715
908 916
94 419
133 863
192 403
192 355
729 918
663 791
535 553
671 704
117 271
640 773
623 987
273 959
629 907
846 866
181 635
138 900
159 622
130 699
102 746
487 881
503 719
463 879
322 829
404 524
266 775
338 661
180 787
343 856
436 992
127 907
451 880
719 809
200 679
478 773
676 839
305 858
48 985
61 290
449 840
48 558
118 324
225 913
178 251
201 482
605 735
256 506
379 904
498 867
59 282
519 975
92 663
465 991
203 691
276 853
345 989
373 995
188 648
18 671
189 726
113 840
213 446
346 534
339 403
41 153
293 512
289 946
203 623
613 996
525 685
110 401
194 800
567 575
495 624
464 597
114 627
627 1000
278 754
30 899
172 451
776 924
896 950
221 525
705 872
254 661
9 651
316 407
61 547
370 891
164 591
731 789
54 715
91 801
102 340
170 204
387 642
426 773
742 863
752 981
229 362
84 855
275 304
58 464
257 402
575 782
614 650
711 897
54 988
659 678
424 600
56 204
293 385
141 875
492 939
66 330
3 393
102 785
728 822
511 961
413 662
434 644
186 722
732 981
476 555
700 925
25 672
420 810
847 970
544 800
499 959
352 860
203 450
210 839
26 422
488 694
925 960
550 770
23 394
331 760
241 750
747 871
204 466
795 908
224 930
51 539
187 663
512 670
253 908
257 677
78 853
47 191
148 995
274 934
113 880
638 891
67 321
80 214
683 877
192 799
522 982
174 241
514 633
408 766
862 952
356 985
122 367
643 678
268 726
729 805
102 254
706 893
165 304
77 892
688 804
182 762
218 535
73 477
598 871
260 346
18 611
568 915
88 131
315 903
357 932
85 370
203 239
420 549
708 914
301 709
331 696
516 573
114 309
480 584
51 188
554 647
486 763
286 989
274 587
360 644
301 868
487 856
448 975
533 696
870 887
74 328
566 943
207 785
76 670
107 794
297 555
1 61
638 796
243 421
293 783
97 151
899 936
747 845
598 741
142 350
79 810
347 706
582 980
14 684
167 666
123 176
157 338
131 527
84 356
262 861
513 749
24 559
422 589
136 741
520 996
555 988
83 295
60 790
617 769
316 996
337 584
442 453
610 705
634 991
204 437
173 429
157 429
334 936
477 915
355 362
125 288
524 820
166 676
135 961
664 724
310 413
273 295
274 798
612 777
324 341
211 683
60 386
12 474
708 949
305 926
597 822
311 692
857 950
653 876
758 862
174 336
59 345
56 168
603 957
133 759
387 527
690 957
481 995
36 149
83 525
594 857
671 831
174 304
236 686
741 940
5 602
270 680
34 521
473 553
178 907
416 724
45 971
474 837
39 829
14 477
173 358
844 874
129 254
35 494
87 822
60 526
314 658
474 752
299 823
144 381
7 776
341 513
276 661
337 921
208 924
291 734
271 683
358 491
105 562
602 837
159 184
325 949
298 385
394 503
460 613
477 590
159 953
509 779
623 840
565 663
40 364
414 460
159 940
100 259
45 440
625 772
218 816
439 717
467 879
521 604
539 693
307 405
530 971
640 872
158 517
13 584
906 986
677 773
347 404
124 223
591 770
631 665
17 200
238 629
247 353
254 761
142 571
105 816
527 662
283 436
693 732
108 524
155 756
860 979
360 468
403 629
36 723
919 956
68 983
81 831
434 550
154 205
176 926
846 942
444 619
133 893
573 576
199 304
104 163
789 923
413 426
467 597
344 411
160 742
518 927
52 326
332 607
230 721
181 433
287 837
88 976
905 997
186 887
211 365
727 873
18 762
186 746
284 487
824 950
90 579
276 912
112 396
53 220
202 920
92 309
668 849
51 365
821 996
372 827
712 715
158 553
938 993
254 430
93 438
296 737
45 602
475 593
520 850
23 852
616 799
170 1000
98 235
248 844
85 119
263 382
299 305
593 891
408 431
464 605
277 428
461 793
748 829
348 735
152 415
230 244
299 827
488 690
235 979
531 767
388 889
8 165
23 681
464 698
629 829
127 135
761 799
598 630
399 452
600 985
125 347
640 882
108 447
568 665
796 976
671 828
437 884
437 855
505 763
247 807
28 824
136 474
52 263
513 918
613 892
171 554
395 959
504 549
193 764
172 642
420 690
335 715
676 697
132 453
71 326
213 441
228 265
38 116
146 825
758 861
301 966
643 729
204 709
34 452
200 968
333 922
680 717
118 928
420 755
271 408
468 716
733 918
270 689
721 954
240 611
123 533
90 763
372 727
428 602
596 724
58 266
206 903
494 713
635 868
629 704
291 713
640 951
672 736
164 630
148 563
64 989
466 516
94 772
233 799
322 925
420 782
786 856
292 586
395 449
292 408
88 289
909 954
8 643
185 651
265 520
406 550
497 563
288 709
105 829
966 990
583 794
722 777
207 279
262 704
446 675
386 686
105 193
240 708
101 763
905 970
216 932
463 746
639 863
354 435
304 958
158 895
175 513
608 820
182 437
193 601
6 435
691 705
58 185
498 564
129 862
401 689
273 667
765 935
7 790
51 959
256 941
494 960
254 738
193 673
418 648
429 503
485 564
8 633
384 664
680 759
315 719
677 963
505 894
784 975
212 478
420 900
273 495
94 349
340 656
5 387
81 638
369 932
154 551
255 894
263 512
556 659
17 382
447 481
327 720
4 123
422 889
6 745
472 853
591 998
396 974
358 423
338 386
663 681
88 522
417 907
693 769
410 669
548 752
53 96
189 987
241 888
7 87
176 639
299 915
719 983
437 482
623 702
337 676
344 430
540 830
416 768
397 695
789 810
545 795
103 198
470 552
500 699
51 651
678 1000
165 234
572 889
849 966
478 670
102 122
258 911
501 897
449 736
649 989
334 719
183 498
39 610
440 985
500 679
429 958
501 987
577 652
123 430
181 934
483 486
392 581
708 709
32 869
273 962
6 438
571 577
75 846
3 107
515 651
391 991
92 947
400 698
125 803
150 325
514 778
413 437
218 915
104 529
533 835
308 793
123 981
169 505
876 919
106 556
284 514
215 243
120 884
93 797
202 321
435 502
357 615
451 682
422 592
29 176
778 864
490 833
690 693
154 996
604 813
175 745
220 661
503 979
836 849
318 589
239 867
202 852
711 904
28 986
70 760
409 792
279 903
971 973
106 643
537 916
238 359
122 739
497 504
358 844
289 785
22 729
371 714
217 806
231 287
49 571
412 732
781 830
823 945
726 860
736 780
533 785
507 847
192 998
52 443
77 940
754 830
214 620
144 595
56 274
654 786
443 861
120 676
259 802
608 914
71 641
66 893
134 213
21 727
231 602
91 220
692 987
806 819
380 899
129 589
302 308
124 642
542 587
270 581
215 832
56 346
306 580
672 800
419 474
536 732
139 840
586 789
71 975
323 693
78 205
188 706
389 976
563 956
233 832
438 466
194 499
605 814
495 709
480 649
445 597
567 948
469 843
421 704
99 714
642 803
358 923
39 515
371 912
536 923
112 712
418 679
323 759
154 732
674 912
45 492
143 983
575 753
221 574
260 588
21 807
823 930
531 616
32 242
9 198
635 974
468 737
597 814
34 366
799 982
219 562
38 409
208 306
111 588
181 743
329 763
62 523
224 888
560 943
232 843
41 860
182 695
125 540
112 639
263 758
169 719
116 483
55 122
315 972
78 415
709 768
3 106
64 105
377 692
60 692
382 633
477 750
100 281
23 770
31 985
865 991
906 960
553 622
34 69
279 482
374 510
549 699
71 857
347 805
187 766
502 652
586 830
648 880
210 705
184 330
141 784
763 946
57 548
157 868
477 972
650 909
399 951
564 620
544 752
100 430
468 993
108 370
169 987
435 800
302 963
46 431
194 226
381 902
109 338
813 824
145 189
28 339
83 972
760 983
19 519
246 359
160 975
336 580
192 530
203 281
354 609
161 601
140 600
448 642
20 538
219 622
378 413
40 801
3 58
568 857
862 896
130 417
157 802
47 119
462 973
487 764
215 578
270 846
467 878
133 137
33 54
616 951
429 704
447 743
179 439
159 836
518 829
654 758
656 660
488 510
655 763
413 807
79 763
24 854
5 165
556 644
586 979
566 723
1 247
32 449
598 891
48 969
83 953
147 441
470 477
249 476
104 505
153 429
633 818
5 617
40 496
407 655
366 962
272 519
470 810
355 779
887 918
305 381
560 847
267 932
307 724
215 961
744 968
671 940
249 558
611 871
113 217
373 669
163 215
563 807
514 846
350 549
3 574
104 510
19 703
42 352
198 456
373 599
6 560
438 876
548 738
85 407
526 666
183 774
288 674
528 969
352 932
712 814
230 233
233 836
198 587
212 572
325 404
242 441
16 625
313 423
100 248
274 457
155 171
309 378
91 958
357 714
927 929
235 445
13 709
240 462
186 656
50 912
658 942
416 601
414 997
821 953
635 985
275 415
123 250
423 976
605 917
750 876
302 595
29 829
585 961
848 933
3 953
560 984
331 788
18 134
12 50
199 696
380 443
38 628
844 991
168 661
94 683
25 958
2 214
471 901
359 660
564 694
609 612
34 655
242 305
484 710
50 964
124 520
218 219
814 846
672 854
532 951
100 377
60 414
125 871
334 702
57 929
184 751
660 760
48 96
517 518
649 893
914 924
555 692
731 796
315 430
305 379
433 846
578 778
33 880
523 998
814 856
257 734
606 698
419 778
235 941
362 987
685 868
717 971
218 514
779 988
126 890
204 348
708 718
26 62
783 869
543 594
491 951
212 381
800 925
181 860
328 437
133 265
366 681
531 954
261 483
420 535
373 421
48 964
25 92
167 487
351 684
86 671
90 127
654 959
78 966
477 822
72 430
213 772
373 640
146 790
21 555
597 870
42 163
265 679
669 699
578 713
565 869
259 300
219 674
472 511
221 325
520 868
11 477
328 900
267 602
358 954
229 365
209 595
710 974
69 461
187 777
494 976
643 681
396 522
661 715
154 437
681 694
14 476
627 810
51 318
201 243
144 672
560 797
228 853
290 615
924 935
570 754
133 208
287 809
431 973
156 195
355 848
212 803
944 945
183 608
806 964
191 920
179 208
179 981
19 346
357 682
30 210
286 682
142 863
92 820
564 974
235 641
240 353
256 542
460 566
464 761
626 989
914 938
103 408
267 667
306 656
386 798
361 937
434 790
43 574
364 723
160 295
339 714
69 720
135 403
765 971
107 983
835 997
350 618
702 725
302 467
11 868
783 870
62 826
81 650
579 775
295 382
435 537
383 802
170 623
14 487
150 821
570 951
635 695
223 967
632 885
377 865
507 591
158 435
79 653
67 830
501 852
189 235
307 935
9 507
38 177
180 620
1 325
195 669
682 897
41 246
119 613
204 695
500 766
434 844
108 712
183 894
555 926
85 856
96 610
157 400
96 381
435 702
192 898
564 930
166 335
714 756
442 842
193 199
414 952
147 255
65 946
319 485
437 802
724 879
532 835
467 620
97 444
567 831
841 873
563 629
61 94
776 972
664 967
231 234
13 428
13 542
97 826
47 633
554 591
303 457
588 889
314 885
104 122
476 594
305 687
550 734
133 229
444 815
429 474
499 512
364 553
55 296
25 784
283 597
299 629
3 104
646 881
106 499
79 780
319 942
99 199
280 694
115 287
55 326
419 842
16 631
97 252
712 778
213 311
75 980
218 949
51 138
96 891
603 755
739 971
394 837
220 713
194 462
17 954
58 122
591 883
212 666
21 654
16 705
382 451
209 870
540 789
177 398
280 830
544 778
449 918
651 652
24 396
184 723
727 785
58 95
170 408
384 950
440 561
163 458
59 759
698 924
218 714
632 730
259 275
514 774
658 741
160 474
228 932
863 881
42 231
273 288
517 597
384 604
699 764
200 275
537 951
814 910
24 1000
601 671
139 988
397 991
241 559
618 968
315 625
258 826
647 889
580 757
263 466
144 436
159 287
62 363
68 972
90 94
96 929
506 617
183 399
759 980
490 676
243 893
508 524
12 293
537 688
4 493
123 973
562 933
802 842
795 928
26 97
233 806
683 907
150 358
29 634
341 643
465 787
255 411
354 862
902 976
762 781
527 985
45 385
66 190
117 417
650 964
879 954
3 671
515 615
501 563
556 824
805 922
622 804
433 561
195 874
315 930
34 870
234 592
34 486
295 510
387 400
474 685
36 957
406 614
65 314
99 395
608 613
114 595
246 707
631 764
382 610
84 904
568 673
316 743
564 764
546 741
275 767
209 853
394 633
159 302
506 539
560 681
387 427
624 856
481 597
27 429
182 427
211 791
392 690
391 711
214 749
14 720
525 726
126 189
186 731
422 870
9 38
540 554
555 1000
77 610
37 969
736 841
23 324
384 914
162 596
369 984
28 230
440 1000
446 547
150 545
811 934
17 559
669 761
22 672
617 931
519 629
306 345
57 584
223 462
251 256
789 935
3 317
251 611
169 834
314 697
356 431
107 992
93 645
180 577
83 520
811 974
648 693
5 913
62 912
45 787
21 317
529 638
143 553
67 523
790 957
454 988
109 921
213 248
521 927
321 414
96 426
48 165
793 983
11 895
898 964
213 683
71 413
101 912
564 760
314 975
884 960
414 877
214 308
930 999
128 607
346 619
151 245
118 535
225 227
362 788
887 968
377 950
503 727
437 673
86 650
314 831
141 401
378 384
889 948
297 344
774 815
487 514
110 674
601 995
196 502
511 993
690 851
242 929
40 248
180 203
439 479
207 789
389 460
61 96
321 642
776 877
223 872
400 850
264 615
452 648
147 588
5 583
13 167
395 787
743 995
490 939
566 581
20 191
465 819
248 812
411 694
594 926
139 255
46 472
43 778
205 761
317 398
139 673
799 964
121 594
839 949
43 182
151 350
100 295
139 507
86 533
72 607
137 224
200 564
744 941
9 483
537 723
751 905
130 269
72 214
564 888
242 397
21 916
168 580
107 677
456 841
475 641
477 693
186 737
4 433
763 945
631 919
143 555
310 904
49 762
498 504
313 685
282 786
11 740
517 555
22 706
256 969
429 918
110 942
126 930
322 761
700 750
125 493
498 863
558 628
61 771
188 526
276 744
146 201
172 643
96 356
142 535
295 611
117 314
390 798
275 918
5 111
848 946
41 660
962 978
278 725
6 84
520 942
346 490
228 563
711 932
243 612
740 767
528 595
144 272
369 440
668 716
377 808
449 596
146 441
840 919
199 484
855 937
149 721
41 198
116 377
160 291
503 648
342 749
187 248
13 459
715 922
167 259
583 845
305 661
210 985
67 666
577 728
11 559
339 379
107 277
247 541
362 946
704 771
641 950
152 667
586 976
326 492
41 598
496 990
377 807
335 718
27 656
599 906
236 296
601 968
878 931
104 868
253 627
650 960
157 796
75 605
339 960
585 598
705 871
209 503
145 226
133 890
223 420
39 509
160 802
108 758
133 340
234 546
17 54
25 185
559 690
332 980
142 452
6 292
387 426
884 980
226 993
742 971
176 481
30 856
136 464
19 476
25 110
893 959
821 886
678 697
69 151
308 694
72 800
293 474
294 971
45 452
95 853
951 974
434 898
862 940
159 743
201 747
348 584
629 802
132 252
440 901
12 743
437 471
89 275
789 913
619 995
94 979
264 378
302 307
47 773
75 477
102 716
861 973
408 619
599 870
407 632
171 693
473 637
40 509
447 670
335 459
384 822
195 251
219 242
332 852
328 561
45 888
666 824
241 878
192 630
273 833
599 754
763 813
208 957
144 519
495 631
587 680
3 787
305 780
44 609
35 921
151 990
738 996
209 321
767 990
244 954
69 605
693 774
209 862
308 394
340 947
527 978
302 987
477 670
470 785
208 346
115 380
28 909
440 802
554 878
213 336
318 548
596 750
691 762
20 866
526 621
333 405
76 899
738 982
90 740
568 956
572 967
489 660
114 209
291 964
166 574
621 875
140 580
78 738
625 815
215 456
129 302
546 728
2 98
33 869
226 553
290 528
584 771
370 689
681 833
111 631
199 654
539 842
219 239
653 913
713 836
308 702
496 939
356 383
506 982
478 487
437 788
369 757
347 576
138 717
326 587
30 338
543 608
734 832
381 640
295 651
499 937
668 828
175 909
175 489
142 773
238 520
204 930
182 584
231 396
68 882
138 243
633 751
530 936
94 595
294 386
219 275
376 921
294 403
53 163
255 696
69 280
504 879
652 671
283 515
578 785
133 889
336 509
56 59
160 254
400 582
503 661
395 995
2 691
526 775
99 841
810 935
704 861
454 680
443 941
553 911
657 880
624 697
841 887
692 927
704 873
307 571
275 903
421 900
375 861
13 647
164 459
33 116
452 943
254 476
170 443
203 249
749 769
53 378
718 989
579 582
62 703
489 725
51 757
406 992
424 831
27 684
7 513
179 241
214 325
129 420
309 565
134 144
105 518
754 762
316 764
512 525
258 710
69 343
505 769
237 582
114 626
37 63
503 846
220 945
460 750
184 438
704 751
184 604
618 802
184 424
561 782
26 27
78 391
182 360
169 643
115 183
77 429
825 900
437 936
256 634
61 946
210 373
819 918
48 327
181 699
80 266
411 709
171 766
321 570
675 823
265 360
6 924
578 693
439 666
318 842
504 515
617 809
214 389
840 988
339 750
285 402
88 375
95 269
879 958
107 483
262 370
21 200
608 900
241 272
326 954
572 765
969 992
444 958
89 676
220 767
266 478
515 817
545 746
13 795
163 761
355 626
71 693
173 247
100 301
487 957
272 985
286 965
228 443
161 897
165 610
357 841
182 444
154 720
374 910
695 710
611 642
695 820
593 796
196 209
856 924
125 773
770 816
80 909
55 238
430 996
433 434
132 747
140 659
292 847
482 668
623 907
52 319
171 283
10 31
419 451
169 894
718 843
482 811
18 401
647 671
129 412
246 942
138 642
147 727
8 858
564 742
577 651
80 592
8 685
307 962
482 514
59 718
41 161
108 350
54 565
934 944
175 944
866 935
479 850
521 849
36 169
146 320
165 840
630 767
396 881
73 927
273 609
199 290
421 601
202 375
770 987
682 816
293 618
181 311
498 577
231 241
42 464
212 899
100 883
303 696
16 557
331 770
289 811
291 550
191 506
683 977
703 966
312 345
339 365
368 585
528 712
68 408
609 995
220 969
174 625
472 994
494 626
788 818
230 900
210 790
185 310
449 710
603 973
77 340
20 539
172 254
308 314
30 187
132 610
844 985
288 388
97 296
231 762
558 977
579 757
99 414
765 873
124 712
286 890
363 598
751 961
423 690
222 801
46 662
79 566
780 798
249 677
422 561
594 905
409 833
4 145
762 833
166 454
61 943
47 673
150 925
574 702
92 536
174 239
365 395
413 945
524 771
112 745
497 710
607 800
677 792
303 861
511 898
328 740
1 944
441 513
38 683
428 934
327 416
11 138
56 129
848 892
401 637
370 701
67 479
412 494
446 965
259 935
20 635
176 268
303 856
520 596
41 501
50 690
472 898
318 524
135 374
23 62
395 628
552 739
725 934
321 805
780 859
378 652
629 663
328 933
253 609
233 285
372 725
422 775
698 953
496 703
822 891
225 547
30 212
293 542
196 273
433 781
706 836
670 906
87 337
571 818
35 156
123 217
321 356
126 910
75 367
298 379
287 756
289 396
501 847
307 469
11 252
581 937
358 708
728 802
394 827
159 742
259 834
655 768
250 831
838 909
283 504
303 816
192 954
639 855
789 887
667 926
183 377
324 929
114 895
261 385
607 674
149 990
231 910
465 709
558 641
4 283
157 665
806 956
432 490
157 778
81 954
296 842
128 373
199 319
204 883
469 864
440 816
41 987
379 747
322 557
434 658
257 480
593 991
335 458
155 179
197 922
356 945
923 926
508 699
551 934
309 645
99 475
146 150
823 856
253 901
520 830
733 991
510 789
190 905
445 493
81 419
402 627
4 708
691 725
45 701
189 211
693 761
243 665
80 575
151 473
313 315
50 923
89 627
48 952
251 538
754 988
605 923
309 814
276 659
487 933
200 506
59 818
61 691
359 805
356 742
254 915
547 732
18 73
83 922
71 590
228 465
155 503
265 770
243 990
588 994
289 909
99 405
280 548
471 815
126 804
194 626
290 511
487 808
217 581
133 726
36 108
324 935
453 961
361 730
757 899
101 409
177 539
190 996
950 952
346 632
231 571
274 330
38 802
167 892
364 659
481 644
940 955
48 58
66 110
162 944
444 716
512 653
508 836
497 568
547 573
834 852
63 120
593 924
160 499
542 553
593 904
225 466
450 991
904 995
560 698
423 515
277 943
388 927
189 751
339 986
343 826
38 996
139 930
171 691
160 594
291 417
562 689
110 672
39 750
213 591
265 287
350 505
578 633
511 878
328 983
249 266
595 912
145 572
174 362
523 869
425 899
67 251
648 827
484 795
809 957
252 618
58 950
298 821
806 943
186 776
111 590
487 896
65 130
190 326
385 423
704 899
618 796
459 907
533 918
365 789
797 905
137 944
208 358
77 836
316 936
414 967
16 202
485 558
71 120
89 128
48 718
146 325
631 880
367 578
8 223
98 769
70 388
36 840
219 429
32 609
115 837
4 579
814 989
175 926
397 526
290 630
692 960
11 797
311 929
45 473
680 814
513 573
80 798
292 354
47 542
132 608
197 824
293 786
200 573
467 895
460 976
651 727
399 905
766 855
322 607
175 237
100 577
145 747
383 390
674 887
684 839
236 857
125 171
103 808
171 339
728 838
703 902
30 493
714 967
702 898
891 999
97 393
90 464
700 883
396 823
372 970
222 536
446 595
358 520
520 611
45 696
628 932
39 321
365 765
325 712
67 515
60 712
203 720
389 708
269 937
178 1000
126 934
82 781
227 865
270 648
81 241
186 981
397 894
285 600
307 582
14 485
554 761
418 845
154 444
271 736
61 750
589 881
595 823
275 332
420 866
586 853
458 773
349 421
70 561
602 872
141 911
436 902
692 999
269 401
18 126
604 803
429 596
77 751
267 795
454 831
426 664
186 264
230 566
534 944
306 811
81 621
247 551
268 384
701 714
451 846
513 998
239 303
142 931
467 572
509 900
107 747
1000
